1	38
1	4
1	5
1	7
1	8
10	13
10	14
10	36
10	39
11	14
11	15
11	16
12	15
12	16
12	17
12	28
12	32
13	16
13	17
13	18
13	29
13	32
13	33
13	36
13	39
14	17
14	18
14	19
15	18
15	19
15	24
15	32
16	19
16	20
16	21
16	24
16	25
16	28
16	29
16	32
17	20
17	21
17	25
17	29
18	25
19	22
19	24
19	25
2	38
2	5
20	23
20	24
20	25
21	24
21	25
22	25
22	26
23	26
23	27
23	28
24	27
24	28
24	29
25	28
25	29
25	30
26	29
26	30
27	30
27	31
28	31
28	32
28	33
29	32
29	33
29	34
3	34
3	35
3	36
3	37
3	38
30	33
30	34
30	40
31	34
31	35
32	35
32	36
33	36
33	37
33	39
33	40
33	43
34	37
34	40
36	39
36	40
37	40
37	41
37	42
38	41
38	42
38	43
39	42
39	43
39	44
4	38
4	7
40	43
40	44
40	45
41	44
41	45
41	46
42	45
42	46
42	47
43	46
43	47
43	48
44	47
44	48
44	49
45	48
45	49
45	52
46	49
46	50
46	51
46	52
47	50
47	51
47	52
48	51
48	52
48	53
49	52
49	53
5	10
5	35
5	36
5	37
5	38
5	39
5	8
50	53
50	54
51	54
51	55
51	56
52	55
52	56
52	59
53	58
55	58
56	59
6	10
6	35
6	36
6	9
7	10
7	11
7	12
8	11
8	12
8	13
9	12
9	13
9	14
9	32
9	35
9	36
